# Biological sample from the work of Zhang and co-authors
# https://doi.org/10.1016/j.dib.2019.104694
# In vitro Cuvettes\Aqueous humor from rabbit eyes\pkyj_day28.txt
3.500000000000000000e+02 1.077073363657890013e+03
3.520000000000000000e+02 1.076329969778050099e+03
3.540000000000000000e+02 1.089505405773579923e+03
3.560000000000000000e+02 1.095539747232259970e+03
3.580000000000000000e+02 1.095565949896420079e+03
3.600000000000000000e+02 1.090874556599600055e+03
3.620000000000000000e+02 1.065835287552200043e+03
3.640000000000000000e+02 1.075195292314680046e+03
3.660000000000000000e+02 1.083686392599860028e+03
3.680000000000000000e+02 1.073902861595669947e+03
3.700000000000000000e+02 1.082745038339510074e+03
3.720000000000000000e+02 1.093311659466929996e+03
3.740000000000000000e+02 1.091946871517870022e+03
3.760000000000000000e+02 1.081003708684919957e+03
3.780000000000000000e+02 1.089341968924210050e+03
3.800000000000000000e+02 1.081752782294219969e+03
3.820000000000000000e+02 1.062627773810040026e+03
3.840000000000000000e+02 1.046016241306580014e+03
3.860000000000000000e+02 1.059757310029189966e+03
3.880000000000000000e+02 1.064738772396390004e+03
3.900000000000000000e+02 1.068496780105800099e+03
3.920000000000000000e+02 1.063584273166130060e+03
3.940000000000000000e+02 1.042138580356290049e+03
3.960000000000000000e+02 1.069884273332899966e+03
3.980000000000000000e+02 1.077369937909729970e+03
4.000000000000000000e+02 1.075221214975520070e+03
4.020000000000000000e+02 1.068989631652699927e+03
4.040000000000000000e+02 1.045330964519899908e+03
4.060000000000000000e+02 1.059977489538689952e+03
4.080000000000000000e+02 1.080689186640709977e+03
4.100000000000000000e+02 1.093739544377800030e+03
4.120000000000000000e+02 1.089958735184950001e+03
4.140000000000000000e+02 1.076655640205849977e+03
4.160000000000000000e+02 1.062706976685459949e+03
4.180000000000000000e+02 1.055648500552599899e+03
4.200000000000000000e+02 1.064745102224879929e+03
4.220000000000000000e+02 1.077259122987840101e+03
4.240000000000000000e+02 1.081891355700799977e+03
4.260000000000000000e+02 1.088914810548300011e+03
4.280000000000000000e+02 1.101824239801979957e+03
4.300000000000000000e+02 1.077191506054150068e+03
4.320000000000000000e+02 1.072221081654889986e+03
4.340000000000000000e+02 1.066634699935289973e+03
4.360000000000000000e+02 1.056670423630349887e+03
4.380000000000000000e+02 1.053762101723850037e+03
4.400000000000000000e+02 1.038613998647640074e+03
4.420000000000000000e+02 1.039538112020569997e+03
4.440000000000000000e+02 1.042208378701539914e+03
4.460000000000000000e+02 1.022366150724730005e+03
4.480000000000000000e+02 1.024928193788540057e+03
4.500000000000000000e+02 1.039631092946129911e+03
4.520000000000000000e+02 1.044533058507779970e+03
4.540000000000000000e+02 1.030073088265829938e+03
4.560000000000000000e+02 1.022677783413000043e+03
4.580000000000000000e+02 1.019213196657510025e+03
4.600000000000000000e+02 1.022109884834219997e+03
4.620000000000000000e+02 1.027389968632069895e+03
4.640000000000000000e+02 1.025349998754599937e+03
4.660000000000000000e+02 9.904337674472640174e+02
4.680000000000000000e+02 1.000318887553090008e+03
4.700000000000000000e+02 1.014730642359069975e+03
4.720000000000000000e+02 9.978395535856709557e+02
4.740000000000000000e+02 9.921360982839570397e+02
4.760000000000000000e+02 9.795972213575649903e+02
4.780000000000000000e+02 9.655409612723029795e+02
4.800000000000000000e+02 9.519269371741399937e+02
4.820000000000000000e+02 9.389024096719050476e+02
4.840000000000000000e+02 9.280479563576500368e+02
4.860000000000000000e+02 9.387891529893950064e+02
4.880000000000000000e+02 9.454936188499840455e+02
4.900000000000000000e+02 9.240190832112380122e+02
4.920000000000000000e+02 9.329960800172159452e+02
4.940000000000000000e+02 9.317824603813689919e+02
4.960000000000000000e+02 9.373652377709579469e+02
4.980000000000000000e+02 9.452435845362859936e+02
5.000000000000000000e+02 9.229588790656159745e+02
5.020000000000000000e+02 9.232870990945109497e+02
5.040000000000000000e+02 9.224781561654359621e+02
5.060000000000000000e+02 9.234988574985500236e+02
5.080000000000000000e+02 9.305524112803899470e+02
5.100000000000000000e+02 9.301550410271109968e+02
5.120000000000000000e+02 9.247677715580499580e+02
5.140000000000000000e+02 9.334028007701029992e+02
5.160000000000000000e+02 9.416279130938860362e+02
5.180000000000000000e+02 8.958195943427730299e+02
5.200000000000000000e+02 9.049040408905580080e+02
5.220000000000000000e+02 9.162719148454480091e+02
5.240000000000000000e+02 9.133945663587310264e+02
5.260000000000000000e+02 8.922057087574080469e+02
5.280000000000000000e+02 9.057044452863329980e+02
5.300000000000000000e+02 8.826530525960559999e+02
5.320000000000000000e+02 8.765911573151460061e+02
5.340000000000000000e+02 8.820417697451340473e+02
5.360000000000000000e+02 8.615149373598579814e+02
5.380000000000000000e+02 8.376717949242620307e+02
5.400000000000000000e+02 8.322010733904229483e+02
5.420000000000000000e+02 8.541117320499910193e+02
5.440000000000000000e+02 8.874864749883170134e+02
5.460000000000000000e+02 8.439525303293779643e+02
5.480000000000000000e+02 8.334486602910340025e+02
5.500000000000000000e+02 8.242128052845820321e+02
5.520000000000000000e+02 8.174836101890570035e+02
5.540000000000000000e+02 8.188893410299000379e+02
5.560000000000000000e+02 8.055368676131399752e+02
5.580000000000000000e+02 8.087994116886729898e+02
5.600000000000000000e+02 8.147291708032049655e+02
5.620000000000000000e+02 8.104569533255710212e+02
5.640000000000000000e+02 7.795134860451159966e+02
5.660000000000000000e+02 7.502031795270910379e+02
5.680000000000000000e+02 7.543566217318029885e+02
5.700000000000000000e+02 7.607789743135720073e+02
5.720000000000000000e+02 7.520010705700590279e+02
5.740000000000000000e+02 7.507200015029700353e+02
5.760000000000000000e+02 7.427974845486299955e+02
5.780000000000000000e+02 7.497372539251689432e+02
5.800000000000000000e+02 7.580559747982999852e+02
5.820000000000000000e+02 7.494099087903830423e+02
5.840000000000000000e+02 7.279730715507180321e+02
5.860000000000000000e+02 7.293236621001169624e+02
5.880000000000000000e+02 7.185697012748339603e+02
5.900000000000000000e+02 6.970241461784600006e+02
5.920000000000000000e+02 6.857865924571809728e+02
5.940000000000000000e+02 6.914170860158400274e+02
5.960000000000000000e+02 6.856618686164570136e+02
5.980000000000000000e+02 6.811390692862979677e+02
6.000000000000000000e+02 6.829616658603749784e+02
6.020000000000000000e+02 6.874884720016519850e+02
6.040000000000000000e+02 6.704504569371799789e+02
6.060000000000000000e+02 6.529510847733530454e+02
6.080000000000000000e+02 6.300701836439579893e+02
6.100000000000000000e+02 6.071759548958340247e+02
6.120000000000000000e+02 6.253137913943249941e+02
6.140000000000000000e+02 6.461096638582259857e+02
6.160000000000000000e+02 6.447883897164899736e+02
6.180000000000000000e+02 6.284858110519650154e+02
6.200000000000000000e+02 6.122379070629380067e+02
6.220000000000000000e+02 6.240778954620219565e+02
6.240000000000000000e+02 6.247609776391160494e+02
6.260000000000000000e+02 6.114717791053340079e+02
6.280000000000000000e+02 5.959944048022490506e+02
6.300000000000000000e+02 5.915359225001150207e+02
6.320000000000000000e+02 5.734169425086470255e+02
6.340000000000000000e+02 5.569771929431819899e+02
6.360000000000000000e+02 5.625106262121089458e+02
6.380000000000000000e+02 5.725576343665869672e+02
6.400000000000000000e+02 5.531028191584040314e+02
6.420000000000000000e+02 5.223935496898880047e+02
6.440000000000000000e+02 5.208154075919959496e+02
6.460000000000000000e+02 5.221583053636879868e+02
6.480000000000000000e+02 5.214995855352619856e+02
6.500000000000000000e+02 5.260129691511989449e+02
6.520000000000000000e+02 4.995180261816810230e+02
6.540000000000000000e+02 4.889086017058029938e+02
6.560000000000000000e+02 4.795933205431419992e+02
6.580000000000000000e+02 4.689047687330950112e+02
6.600000000000000000e+02 4.633893856909770079e+02
6.620000000000000000e+02 4.381118755304049728e+02
6.640000000000000000e+02 4.378042031896069943e+02
6.660000000000000000e+02 4.374720115734430124e+02
6.680000000000000000e+02 4.222503277830779780e+02
6.700000000000000000e+02 3.865965107830539864e+02
6.720000000000000000e+02 4.009242380064059716e+02
6.740000000000000000e+02 4.077841692370420219e+02
6.760000000000000000e+02 3.969228232832219874e+02
6.780000000000000000e+02 3.808318159149409894e+02
6.800000000000000000e+02 3.933676090332339754e+02
6.820000000000000000e+02 3.809072247631480082e+02
6.840000000000000000e+02 4.069704048375659795e+02
6.860000000000000000e+02 4.235047179682770206e+02
6.880000000000000000e+02 4.185585738573249728e+02
6.900000000000000000e+02 4.126125808680989735e+02
6.920000000000000000e+02 4.295917483425070031e+02
6.940000000000000000e+02 4.457365020757039815e+02
6.960000000000000000e+02 4.514433046259150046e+02
6.980000000000000000e+02 4.558010197246729831e+02
7.000000000000000000e+02 4.798021130912620151e+02
7.020000000000000000e+02 4.839728548448999845e+02
7.040000000000000000e+02 4.838214496911190281e+02
7.060000000000000000e+02 4.899780551042609886e+02
7.080000000000000000e+02 4.974569214392070080e+02
7.100000000000000000e+02 4.949067578490489723e+02
7.120000000000000000e+02 5.090633460432060247e+02
7.140000000000000000e+02 4.933451154344199949e+02
7.160000000000000000e+02 4.943703524385859964e+02
7.180000000000000000e+02 5.116874174041860215e+02
7.200000000000000000e+02 5.266165617722209618e+02
7.220000000000000000e+02 5.336902503853409598e+02
7.240000000000000000e+02 5.158879489887530099e+02
7.260000000000000000e+02 5.114943226115240122e+02
7.280000000000000000e+02 5.218924414634840332e+02
7.300000000000000000e+02 5.341526713129850350e+02
7.320000000000000000e+02 5.186990003810400367e+02
7.340000000000000000e+02 5.203385711224100305e+02
7.360000000000000000e+02 5.208670784450870315e+02
7.380000000000000000e+02 5.211639442903480131e+02
7.400000000000000000e+02 5.261734492579230391e+02
7.420000000000000000e+02 5.438870779520530050e+02
7.440000000000000000e+02 5.578664723026929551e+02
7.460000000000000000e+02 5.624934286080150514e+02
7.480000000000000000e+02 5.598423909715349964e+02
7.500000000000000000e+02 5.586967574067799660e+02
7.520000000000000000e+02 5.739003805567859899e+02
7.540000000000000000e+02 5.754964255352780356e+02
7.560000000000000000e+02 5.572036064491750267e+02
7.580000000000000000e+02 5.502650183214469735e+02
7.600000000000000000e+02 5.557874074800309927e+02
7.620000000000000000e+02 5.578352070520539883e+02
7.640000000000000000e+02 5.601136992636470495e+02
7.660000000000000000e+02 5.560436557412959928e+02
7.680000000000000000e+02 5.570374861371540192e+02
7.700000000000000000e+02 5.559297628080530558e+02
7.720000000000000000e+02 5.503001478525210359e+02
7.740000000000000000e+02 5.698109246528930498e+02
7.760000000000000000e+02 5.375656174537050447e+02
7.780000000000000000e+02 5.412156619295469682e+02
7.800000000000000000e+02 5.536272031331830021e+02
7.820000000000000000e+02 5.553289550173440148e+02
7.840000000000000000e+02 5.564985751125859679e+02
7.860000000000000000e+02 7.956342324912010326e+02
7.880000000000000000e+02 6.371944846401910354e+02
7.900000000000000000e+02 5.262522702646200514e+02
7.920000000000000000e+02 5.310792369232649435e+02
7.940000000000000000e+02 5.300671910742839827e+02
7.960000000000000000e+02 5.476161224068670208e+02
7.980000000000000000e+02 5.346523570080610170e+02
8.000000000000000000e+02 5.320232969273320123e+02
8.020000000000000000e+02 5.219402941289059754e+02
8.040000000000000000e+02 4.989518769614019789e+02
8.060000000000000000e+02 4.987100106049280157e+02
8.080000000000000000e+02 4.910533657091630175e+02
8.100000000000000000e+02 4.941785284323099745e+02
8.120000000000000000e+02 5.016071173932119791e+02
8.140000000000000000e+02 5.033247322227790050e+02
8.160000000000000000e+02 4.933409010822040273e+02
8.180000000000000000e+02 5.007797039041370226e+02
8.200000000000000000e+02 5.053344251995200125e+02
8.220000000000000000e+02 5.050280379758859794e+02
8.240000000000000000e+02 4.962635088769010281e+02
8.260000000000000000e+02 4.843001964736989748e+02
8.280000000000000000e+02 4.883572621933029723e+02
8.300000000000000000e+02 5.075975551390890246e+02
8.320000000000000000e+02 5.148655089911610503e+02
8.340000000000000000e+02 5.042997475272330234e+02
8.360000000000000000e+02 4.939295981160549900e+02
8.380000000000000000e+02 5.004329513975790178e+02
8.400000000000000000e+02 4.822365613164479896e+02
8.420000000000000000e+02 4.774242909169449831e+02
8.440000000000000000e+02 4.858425045766160224e+02
8.460000000000000000e+02 4.991384415295959798e+02
8.480000000000000000e+02 4.978086728213800143e+02
8.500000000000000000e+02 4.614475571872649766e+02
8.520000000000000000e+02 4.763153441097139762e+02
8.540000000000000000e+02 4.825681938443290164e+02
8.560000000000000000e+02 4.714391207574789746e+02
8.580000000000000000e+02 4.600493935018899947e+02
8.600000000000000000e+02 4.604816075987270096e+02
8.620000000000000000e+02 4.590081060025490274e+02
8.640000000000000000e+02 4.415220181033660083e+02
8.660000000000000000e+02 4.240508816584809892e+02
8.680000000000000000e+02 4.238962116789180072e+02
8.700000000000000000e+02 4.317565141849179895e+02
8.720000000000000000e+02 4.297494327615870020e+02
8.740000000000000000e+02 4.196652010675060183e+02
8.760000000000000000e+02 4.131473078056109784e+02
8.780000000000000000e+02 4.093336665306690065e+02
8.800000000000000000e+02 4.136211966578529768e+02
8.820000000000000000e+02 4.237509462957190181e+02
8.840000000000000000e+02 4.304677851817510259e+02
8.860000000000000000e+02 4.203135845714750189e+02
8.880000000000000000e+02 4.299474604151359927e+02
8.900000000000000000e+02 4.237566293623930278e+02
8.920000000000000000e+02 4.105689189307050242e+02
8.940000000000000000e+02 3.943186910227320254e+02
8.960000000000000000e+02 3.706624590766289771e+02
8.980000000000000000e+02 3.654330972519820193e+02
9.000000000000000000e+02 3.617309323087819735e+02
9.020000000000000000e+02 3.550416298876680230e+02
9.040000000000000000e+02 3.464522416657579811e+02
9.060000000000000000e+02 3.431562292770360045e+02
9.080000000000000000e+02 3.541748862707040075e+02
9.100000000000000000e+02 3.507932804824009736e+02
9.120000000000000000e+02 3.593203780510460206e+02
9.140000000000000000e+02 3.605214415131150076e+02
9.160000000000000000e+02 3.584393294665180179e+02
9.180000000000000000e+02 3.604549320047599963e+02
9.200000000000000000e+02 3.699436456721700210e+02
9.220000000000000000e+02 3.837832865475190260e+02
9.240000000000000000e+02 4.176393010206539884e+02
9.260000000000000000e+02 4.673121377817270172e+02
9.280000000000000000e+02 5.130080142655699547e+02
9.300000000000000000e+02 5.347119426437830043e+02
9.320000000000000000e+02 5.183250360813119642e+02
9.340000000000000000e+02 4.382540729045589956e+02
9.360000000000000000e+02 4.019749429339540256e+02
9.380000000000000000e+02 3.608041601369670275e+02
9.400000000000000000e+02 3.316586852118480238e+02
9.420000000000000000e+02 3.198729097120739766e+02
9.440000000000000000e+02 3.051638770994809988e+02
9.460000000000000000e+02 2.867202718845809954e+02
9.480000000000000000e+02 2.938073151883730247e+02
9.500000000000000000e+02 2.985782970480699987e+02
9.520000000000000000e+02 3.022865630999929749e+02
9.540000000000000000e+02 3.011367338688430095e+02
9.560000000000000000e+02 2.890821473714480021e+02
9.580000000000000000e+02 2.887072462387150154e+02
9.600000000000000000e+02 2.896742139592479930e+02
9.620000000000000000e+02 2.846365998100339993e+02
9.640000000000000000e+02 2.838065645518980205e+02
9.660000000000000000e+02 2.827193227187120215e+02
9.680000000000000000e+02 2.730412261376490051e+02
9.700000000000000000e+02 2.676139857580930084e+02
9.720000000000000000e+02 2.531921195445110015e+02
9.740000000000000000e+02 2.610469902068940087e+02
9.760000000000000000e+02 2.702321967468409980e+02
9.780000000000000000e+02 2.762765928176719967e+02
9.800000000000000000e+02 2.791426161815790010e+02
9.820000000000000000e+02 2.736021828377290035e+02
9.840000000000000000e+02 2.982981530022020138e+02
9.860000000000000000e+02 2.875321803105219942e+02
9.880000000000000000e+02 2.789631019631669915e+02
9.900000000000000000e+02 2.781159854473219752e+02
9.920000000000000000e+02 2.810813480894079817e+02
9.940000000000000000e+02 2.851104269798229893e+02
9.960000000000000000e+02 2.996019538148900097e+02
9.980000000000000000e+02 2.936553681687590256e+02
1.000000000000000000e+03 3.022590592303189965e+02
1.002000000000000000e+03 3.239552698049170090e+02
1.004000000000000000e+03 3.362269333819380108e+02
1.006000000000000000e+03 3.261511123487970281e+02
1.008000000000000000e+03 3.265183216455239972e+02
1.010000000000000000e+03 3.385584554401709738e+02
1.012000000000000000e+03 3.326013853958179993e+02
1.014000000000000000e+03 3.209812499879740244e+02
1.016000000000000000e+03 3.186191135055780137e+02
1.018000000000000000e+03 3.280316922296260032e+02
1.020000000000000000e+03 3.330031623920010020e+02
1.022000000000000000e+03 2.985155524796949749e+02
1.024000000000000000e+03 3.051044959888760104e+02
1.026000000000000000e+03 2.883947812319859736e+02
1.028000000000000000e+03 2.907663703453409880e+02
1.030000000000000000e+03 3.023450976469640068e+02
1.032000000000000000e+03 2.985445240825069959e+02
1.034000000000000000e+03 2.952357602312280278e+02
1.036000000000000000e+03 3.049490244989360122e+02
1.038000000000000000e+03 2.935777108678379932e+02
1.040000000000000000e+03 2.824649569589519729e+02
1.042000000000000000e+03 2.677150378792799756e+02
1.044000000000000000e+03 2.522198765018929976e+02
1.046000000000000000e+03 2.448022500981300027e+02
1.048000000000000000e+03 2.424771366727850079e+02
1.050000000000000000e+03 2.507298804359730013e+02
1.052000000000000000e+03 2.406346578318180036e+02
1.054000000000000000e+03 2.284976921781099861e+02
1.056000000000000000e+03 2.348107510840210068e+02
1.058000000000000000e+03 2.570091863161579795e+02
1.060000000000000000e+03 2.691596807540850023e+02
1.062000000000000000e+03 2.555654131667739932e+02
1.064000000000000000e+03 2.605046729852169847e+02
1.066000000000000000e+03 2.481259193404289931e+02
1.068000000000000000e+03 2.517176423557550038e+02
1.070000000000000000e+03 2.470032670552369893e+02
1.072000000000000000e+03 2.298578073412099911e+02
1.074000000000000000e+03 2.373165884155930030e+02
1.076000000000000000e+03 2.441326481989750050e+02
1.078000000000000000e+03 2.452395208915100113e+02
1.080000000000000000e+03 2.619074519302629938e+02
1.082000000000000000e+03 2.538631655211729878e+02
1.084000000000000000e+03 2.383612345528179901e+02
1.086000000000000000e+03 2.353276460926859954e+02
1.088000000000000000e+03 2.321106022107020124e+02
1.090000000000000000e+03 2.066434477648460017e+02
1.092000000000000000e+03 2.237080500453450043e+02
1.094000000000000000e+03 2.239532906209259977e+02
1.096000000000000000e+03 2.167271572068650016e+02
1.098000000000000000e+03 2.010986611095819967e+02
1.100000000000000000e+03 1.897536291388159952e+02
1.102000000000000000e+03 2.021047193679139866e+02
1.104000000000000000e+03 2.039607026029449912e+02
1.106000000000000000e+03 2.052586231107129890e+02
1.108000000000000000e+03 2.017007318776549880e+02
1.110000000000000000e+03 2.086078029880939937e+02
1.112000000000000000e+03 2.132662409450279881e+02
1.114000000000000000e+03 2.125115669942250065e+02
1.116000000000000000e+03 2.210076508118729919e+02
1.118000000000000000e+03 2.494500479772569861e+02
1.120000000000000000e+03 2.384326429491650003e+02
1.122000000000000000e+03 2.529460913565019951e+02
1.124000000000000000e+03 2.438118925474950061e+02
1.126000000000000000e+03 2.160854966824059886e+02
1.128000000000000000e+03 1.997997402970989924e+02
1.130000000000000000e+03 2.095712387256959914e+02
1.132000000000000000e+03 2.165700153115170110e+02
1.134000000000000000e+03 2.032697007524469939e+02
1.136000000000000000e+03 2.088184357460480101e+02
1.138000000000000000e+03 2.023491843760359927e+02
1.140000000000000000e+03 1.846523806726220016e+02
1.142000000000000000e+03 1.848929631234099986e+02
1.144000000000000000e+03 1.924618742189200020e+02
1.146000000000000000e+03 1.690814823462899881e+02
1.148000000000000000e+03 1.900817328438209870e+02
1.150000000000000000e+03 1.856411273314440109e+02
1.152000000000000000e+03 2.072698189510909970e+02
1.154000000000000000e+03 2.011952240888649897e+02
1.156000000000000000e+03 2.007817426505569927e+02
1.158000000000000000e+03 2.123898691279599973e+02
1.160000000000000000e+03 2.146670500440910132e+02
1.162000000000000000e+03 1.999826314608739892e+02
1.164000000000000000e+03 1.523948306981330063e+02
1.166000000000000000e+03 1.632213458574119898e+02
1.168000000000000000e+03 1.765564020164489989e+02
1.170000000000000000e+03 1.698021087707940069e+02
1.172000000000000000e+03 1.629249744783680001e+02
1.174000000000000000e+03 1.647647137412720042e+02
1.176000000000000000e+03 1.697781374974939865e+02
1.178000000000000000e+03 1.910175131540420068e+02
1.180000000000000000e+03 1.766091538668200087e+02
1.182000000000000000e+03 1.587771928122770078e+02
1.184000000000000000e+03 1.588769513972929985e+02
1.186000000000000000e+03 1.496206608023470039e+02
1.188000000000000000e+03 1.533254775020789964e+02
1.190000000000000000e+03 1.638862958077509973e+02
1.192000000000000000e+03 1.528383913088489976e+02
1.194000000000000000e+03 1.700531190921830103e+02
1.196000000000000000e+03 1.645375789959290103e+02
1.198000000000000000e+03 1.526841045325109860e+02
1.200000000000000000e+03 1.609413974981970057e+02
1.202000000000000000e+03 1.602320593936719888e+02
1.204000000000000000e+03 1.569194846858819972e+02
1.206000000000000000e+03 1.564933616293060084e+02
1.208000000000000000e+03 1.492787237015710105e+02
1.210000000000000000e+03 1.412377498670090006e+02
1.212000000000000000e+03 1.519136800612589866e+02
1.214000000000000000e+03 1.488924448551759951e+02
1.216000000000000000e+03 1.448248643014329957e+02
1.218000000000000000e+03 1.573577826102479946e+02
1.220000000000000000e+03 1.668561074774169981e+02
1.222000000000000000e+03 1.670807404353870140e+02
1.224000000000000000e+03 1.623324190900439987e+02
1.226000000000000000e+03 1.404033860642099967e+02
1.228000000000000000e+03 1.684692344999569968e+02
1.230000000000000000e+03 1.545879982998729929e+02
1.232000000000000000e+03 1.710704048409660061e+02
1.234000000000000000e+03 1.559959833961509901e+02
1.236000000000000000e+03 1.532943908624760070e+02
1.238000000000000000e+03 1.565608927477059922e+02
1.240000000000000000e+03 1.447276174599950025e+02
1.242000000000000000e+03 1.451199172134859907e+02
1.244000000000000000e+03 1.481888450654070084e+02
1.246000000000000000e+03 1.389876570711369936e+02
1.248000000000000000e+03 1.373569392377459906e+02
1.250000000000000000e+03 1.361717889085140030e+02
1.252000000000000000e+03 1.317497129224520052e+02
1.254000000000000000e+03 1.304752392764829949e+02
1.256000000000000000e+03 1.302580859231759973e+02
1.258000000000000000e+03 1.297204084300310001e+02
1.260000000000000000e+03 1.410723587264550076e+02
1.262000000000000000e+03 1.197171782854239979e+02
1.264000000000000000e+03 1.144218030488359972e+02
1.266000000000000000e+03 1.238276396799629993e+02
1.268000000000000000e+03 1.341542742379839979e+02
1.270000000000000000e+03 1.336655352089659914e+02
1.272000000000000000e+03 1.197800744523569989e+02
1.274000000000000000e+03 1.044996568735370062e+02
1.276000000000000000e+03 1.067574939922679960e+02
1.278000000000000000e+03 1.282785969438959910e+02
1.280000000000000000e+03 1.166703292667120024e+02
1.282000000000000000e+03 1.412765879672350025e+02
1.284000000000000000e+03 1.133630228344929947e+02
1.286000000000000000e+03 1.051700545011120056e+02
1.288000000000000000e+03 1.089755721796479975e+02
1.290000000000000000e+03 1.066949324636150038e+02
1.292000000000000000e+03 1.079431464481539962e+02
1.294000000000000000e+03 1.174465204275220032e+02
1.296000000000000000e+03 9.849242900874429552e+01
1.298000000000000000e+03 1.172041056813550028e+02
1.300000000000000000e+03 1.174546483167810038e+02
1.302000000000000000e+03 1.445583419917159915e+02
1.304000000000000000e+03 1.463207718717200123e+02
1.306000000000000000e+03 1.420274321970080109e+02
1.308000000000000000e+03 1.329480103543459961e+02
1.310000000000000000e+03 1.255116737778180038e+02
1.312000000000000000e+03 1.238960318949689992e+02
1.314000000000000000e+03 1.128276632912249937e+02
1.316000000000000000e+03 1.202950679512779999e+02
1.318000000000000000e+03 1.044131994389999960e+02
1.320000000000000000e+03 1.311162845903629943e+02
1.322000000000000000e+03 1.258777281248000008e+02
1.324000000000000000e+03 1.093199931637559956e+02
1.326000000000000000e+03 9.955107517257400218e+01
1.328000000000000000e+03 9.524566371712819546e+01
1.330000000000000000e+03 9.486856472064330603e+01
1.332000000000000000e+03 1.002145170238579936e+02
1.334000000000000000e+03 1.017662068264690021e+02
1.336000000000000000e+03 1.207285502721369994e+02
1.338000000000000000e+03 9.600791335083499689e+01
1.340000000000000000e+03 9.855302754900969830e+01
1.342000000000000000e+03 1.015288946751710029e+02
1.344000000000000000e+03 1.226618620291410053e+02
1.346000000000000000e+03 1.261799520155529990e+02
1.348000000000000000e+03 1.188902177256319987e+02
1.350000000000000000e+03 1.258902373774400019e+02
1.352000000000000000e+03 1.314919686464770052e+02
1.354000000000000000e+03 1.135473864498089966e+02
1.356000000000000000e+03 1.096491857816230038e+02
1.358000000000000000e+03 1.378243853545820059e+02
1.360000000000000000e+03 1.390686076235180053e+02
1.362000000000000000e+03 1.211909799588249967e+02
1.364000000000000000e+03 1.204364169986869939e+02
1.366000000000000000e+03 1.279187130227559948e+02
1.368000000000000000e+03 1.285415563639380139e+02
1.370000000000000000e+03 1.246266423952829996e+02
1.372000000000000000e+03 1.214779557411119981e+02
1.374000000000000000e+03 1.126141364554109998e+02
1.376000000000000000e+03 1.097209315397410023e+02
1.378000000000000000e+03 9.943581439964289359e+01
1.380000000000000000e+03 9.051133791071319479e+01
1.382000000000000000e+03 8.884301884126010407e+01
1.384000000000000000e+03 8.867232461675030208e+01
1.386000000000000000e+03 7.545922096376689581e+01
1.388000000000000000e+03 7.551687659360879934e+01
1.390000000000000000e+03 8.813046942063999722e+01
1.392000000000000000e+03 8.793575040963490608e+01
1.394000000000000000e+03 8.233790486878240245e+01
1.396000000000000000e+03 1.000715666315170012e+02
1.398000000000000000e+03 8.917739971746219396e+01
1.400000000000000000e+03 9.533549832155959791e+01
1.402000000000000000e+03 9.650246930971940174e+01
1.404000000000000000e+03 9.402240442494860417e+01
1.406000000000000000e+03 8.791298072454570445e+01
1.408000000000000000e+03 8.550809001558529587e+01
1.410000000000000000e+03 9.987046204080040468e+01
1.412000000000000000e+03 1.047640869900759952e+02
1.414000000000000000e+03 8.972311565739110506e+01
1.416000000000000000e+03 8.713333329827770513e+01
1.418000000000000000e+03 9.335138580108899475e+01
1.420000000000000000e+03 9.375922466461619820e+01
1.422000000000000000e+03 1.196784208063349979e+02
1.424000000000000000e+03 1.190082936727680050e+02
1.426000000000000000e+03 9.551012319986810439e+01
1.428000000000000000e+03 1.048890012860219940e+02
1.430000000000000000e+03 1.201284409425939970e+02
1.432000000000000000e+03 1.210029758987009956e+02
1.434000000000000000e+03 1.298729634004029947e+02
1.436000000000000000e+03 1.420813701959370121e+02
1.438000000000000000e+03 1.367227514884110064e+02
1.440000000000000000e+03 1.368474494568239948e+02
1.442000000000000000e+03 1.602375608410399934e+02
1.444000000000000000e+03 1.820085576306329926e+02
1.446000000000000000e+03 1.641497557831999927e+02
1.448000000000000000e+03 1.749607406422180134e+02
1.450000000000000000e+03 1.850039131292550110e+02
1.452000000000000000e+03 1.988476488526050048e+02
1.454000000000000000e+03 1.606669576710150125e+02
1.456000000000000000e+03 1.470008832921029978e+02
1.458000000000000000e+03 1.479384172369989869e+02
1.460000000000000000e+03 1.465625897825590016e+02
1.462000000000000000e+03 1.418442977309219941e+02
1.464000000000000000e+03 1.124004422963730008e+02
1.466000000000000000e+03 1.032064455914459984e+02
1.468000000000000000e+03 1.139495933929709963e+02
1.470000000000000000e+03 1.011685082296420006e+02
1.472000000000000000e+03 1.039958816002630044e+02
1.474000000000000000e+03 9.542722936008109968e+01
1.476000000000000000e+03 8.941376538979210409e+01
1.478000000000000000e+03 1.084304958845730056e+02
1.480000000000000000e+03 9.789662369695510336e+01
1.482000000000000000e+03 1.009388792270279964e+02
1.484000000000000000e+03 9.436468324470349955e+01
1.486000000000000000e+03 9.322637094772379385e+01
1.488000000000000000e+03 1.074751663146249996e+02
1.490000000000000000e+03 8.177485789250170001e+01
1.492000000000000000e+03 7.913539780787969846e+01
1.494000000000000000e+03 7.668143657206509545e+01
1.496000000000000000e+03 6.630506759497970393e+01
1.498000000000000000e+03 7.683378340679780649e+01
1.500000000000000000e+03 4.836049914872170064e+01
1.502000000000000000e+03 7.614150772994669580e+01
1.504000000000000000e+03 7.522720355090190480e+01
1.506000000000000000e+03 9.161669043980309368e+01
1.508000000000000000e+03 1.068757495762280030e+02
1.510000000000000000e+03 1.103767056967629969e+02
1.512000000000000000e+03 9.519781243469850551e+01
1.514000000000000000e+03 7.751308542392459344e+01
1.516000000000000000e+03 8.064186110659649387e+01
1.518000000000000000e+03 9.192013363937159909e+01
1.520000000000000000e+03 1.022680951348859963e+02
1.522000000000000000e+03 1.175179371143029954e+02
1.524000000000000000e+03 1.046846783898029969e+02
1.526000000000000000e+03 8.595679380238409806e+01
1.528000000000000000e+03 1.327716287209219956e+02
1.530000000000000000e+03 1.017128737026479968e+02
1.532000000000000000e+03 1.149511384171150041e+02
1.534000000000000000e+03 1.247655712493189952e+02
1.536000000000000000e+03 1.288378599406539990e+02
1.538000000000000000e+03 9.512190229276309594e+01
1.540000000000000000e+03 9.726367832815419945e+01
1.542000000000000000e+03 1.236248754958970011e+02
1.544000000000000000e+03 1.372713822803059998e+02
1.546000000000000000e+03 1.405811029365760021e+02
1.548000000000000000e+03 1.217332015156510039e+02
1.550000000000000000e+03 1.378501310055580120e+02
1.552000000000000000e+03 1.313082150457719877e+02
1.554000000000000000e+03 1.725860979627119889e+02
1.556000000000000000e+03 1.560417168945990056e+02
1.558000000000000000e+03 2.097481085042770133e+02
1.560000000000000000e+03 1.823923928476619949e+02
1.562000000000000000e+03 1.742387440127259879e+02
1.564000000000000000e+03 1.840941638550910113e+02
1.566000000000000000e+03 1.856029520043520051e+02
1.568000000000000000e+03 2.019373892920870048e+02
1.570000000000000000e+03 2.066201677375769918e+02
1.572000000000000000e+03 2.317710196438370076e+02
1.574000000000000000e+03 2.323244562742939934e+02
1.576000000000000000e+03 2.199691464981200113e+02
1.578000000000000000e+03 2.503398675839879957e+02
1.580000000000000000e+03 2.606532340196829978e+02
1.582000000000000000e+03 2.373790322365009899e+02
1.584000000000000000e+03 2.522623170056710080e+02
1.586000000000000000e+03 2.609421846149430166e+02
1.588000000000000000e+03 2.974357310003840098e+02
1.590000000000000000e+03 3.047039213712039896e+02
1.592000000000000000e+03 3.223421614468909979e+02
1.594000000000000000e+03 3.366735591359629893e+02
1.596000000000000000e+03 3.508814803260759732e+02
1.598000000000000000e+03 3.763256728673899829e+02
1.600000000000000000e+03 3.607791626762020201e+02
1.602000000000000000e+03 3.811666925813569833e+02
1.604000000000000000e+03 3.979432242681020284e+02
1.606000000000000000e+03 4.204954950851280273e+02
1.608000000000000000e+03 4.233258212535930056e+02
1.610000000000000000e+03 4.192232246516729788e+02
1.612000000000000000e+03 4.448423730706520018e+02
1.614000000000000000e+03 4.714578770861149906e+02
1.616000000000000000e+03 4.948069176985649733e+02
1.618000000000000000e+03 5.321403057821460152e+02
1.620000000000000000e+03 5.080114924996560148e+02
1.622000000000000000e+03 4.930053292293500249e+02
1.624000000000000000e+03 5.520259889796219568e+02
1.626000000000000000e+03 5.498795582987039552e+02
1.628000000000000000e+03 5.929548971951410294e+02
1.630000000000000000e+03 5.669989854320619997e+02
1.632000000000000000e+03 5.682780904997219977e+02
1.634000000000000000e+03 5.718413281650909994e+02
1.636000000000000000e+03 5.947436930171810445e+02
1.638000000000000000e+03 6.122120453557899964e+02
1.640000000000000000e+03 6.154072729227430045e+02
1.642000000000000000e+03 5.829587011908439536e+02
1.644000000000000000e+03 5.755599759804799760e+02
1.646000000000000000e+03 5.847752706253550059e+02
1.648000000000000000e+03 5.811727930271899822e+02
1.650000000000000000e+03 5.864311556389569660e+02
1.652000000000000000e+03 5.743392580550679440e+02
1.654000000000000000e+03 5.459424129801350318e+02
1.656000000000000000e+03 5.379722822751720059e+02
1.658000000000000000e+03 5.523535648593319820e+02
1.660000000000000000e+03 5.515459471697710114e+02
1.662000000000000000e+03 5.112717299103250070e+02
1.664000000000000000e+03 5.049678306113059989e+02
1.666000000000000000e+03 5.030959395947160147e+02
1.668000000000000000e+03 4.924409340765830052e+02
1.670000000000000000e+03 4.771466783502950193e+02
1.672000000000000000e+03 4.430512165294180136e+02
1.674000000000000000e+03 4.743372867429540065e+02
1.676000000000000000e+03 4.209514033966739817e+02
1.678000000000000000e+03 4.286923940591020141e+02
1.680000000000000000e+03 4.183310950722599841e+02
1.682000000000000000e+03 3.913582931097359960e+02
1.684000000000000000e+03 3.789241798376530141e+02
1.686000000000000000e+03 3.504626284448419824e+02
1.688000000000000000e+03 3.415628451904660210e+02
1.690000000000000000e+03 3.401242122782689989e+02
1.692000000000000000e+03 3.068266667060519808e+02
1.694000000000000000e+03 2.911229364228429972e+02
1.696000000000000000e+03 2.879954778224500274e+02
1.698000000000000000e+03 2.706588889490690235e+02
1.700000000000000000e+03 2.515003734486489861e+02
1.702000000000000000e+03 2.378736160387360030e+02
1.704000000000000000e+03 2.412344397228040123e+02
1.706000000000000000e+03 2.306650775390430113e+02
1.708000000000000000e+03 2.007618649470570062e+02
1.710000000000000000e+03 1.812301423572149872e+02
1.712000000000000000e+03 1.709601502552650061e+02
1.714000000000000000e+03 1.719064657816500130e+02
1.716000000000000000e+03 1.634978312573819892e+02
1.718000000000000000e+03 1.294872685886859927e+02
1.720000000000000000e+03 1.217432008190120030e+02
1.722000000000000000e+03 1.302345992804750097e+02
1.724000000000000000e+03 1.075693884192779990e+02
1.726000000000000000e+03 9.465267134703009333e+01
1.728000000000000000e+03 9.375321349244219959e+01
1.730000000000000000e+03 9.504427771365079991e+01
1.732000000000000000e+03 1.052162405678910062e+02
1.734000000000000000e+03 7.773433844376799584e+01
1.736000000000000000e+03 4.705844526199079780e+01
1.738000000000000000e+03 3.299315122847399806e+01
1.740000000000000000e+03 5.317783169421650058e+01
1.742000000000000000e+03 1.175919249740189976e+01
1.744000000000000000e+03 5.074229539070670114e+01
1.746000000000000000e+03 2.955092792282740177e+01
1.748000000000000000e+03 4.147861405984880179e+01
1.750000000000000000e+03 1.490351900807720043e+01
1.752000000000000000e+03 -1.111888248631760057e+01
1.754000000000000000e+03 -4.216575870524869707e+00
1.756000000000000000e+03 5.540505582569279497e-01
1.758000000000000000e+03 -7.191717579606770272e+00
1.760000000000000000e+03 -6.098204871910640340e-02
1.762000000000000000e+03 -1.527732932410069999e+01
1.764000000000000000e+03 -5.958408915793610205e+00
1.766000000000000000e+03 -1.310078312209819984e+01
1.768000000000000000e+03 -7.725519428855860404e-01
1.770000000000000000e+03 -4.725861983251989917e-01
1.772000000000000000e+03 -1.450947091486849949e+01
1.774000000000000000e+03 -2.891725187292340138e+01
1.776000000000000000e+03 -2.962692124902039836e+01
1.778000000000000000e+03 -2.453486796400870062e+01
1.780000000000000000e+03 -2.137090254080899854e+01
1.782000000000000000e+03 -3.179084752789169954e+01
1.784000000000000000e+03 -3.044285545524270020e+01
1.786000000000000000e+03 -4.358337303587109801e+01
1.788000000000000000e+03 -3.612319566853110331e+01
1.790000000000000000e+03 -4.202143022238409742e+01
1.792000000000000000e+03 -5.458677098526369775e+01
1.794000000000000000e+03 -4.354983785465429946e+01
1.796000000000000000e+03 -5.017551039919020184e+01
1.798000000000000000e+03 -5.235725918615320040e+01
1.800000000000000000e+03 -5.110404180899959670e+01
